8429
2737
9318
312
7786
7542
1525
6965
8009
3036
4702
2453
3484
9231
856
1059
6472
7516
4427
2891
5192
8851
5533
7420
6393
3016
9404
7026
744
934
6169
7205
863
998
1291
2226
8348
2741
6773
1769
5719
6862
8119
3013
6550
5061
5871
8189
5298
1637
9058
4836
3665
7603
5283
464
4369
6505
3161
1040
8209
3081
7526
302
6265
254
6075
1593
1928
2235
5382
7339
4676
376
563
7615
572
5137
631
2902
960
5568
9390
6326
1010
4250
8388
6416
7869
9007
4835
6461
6182
7113
122
4085
3510
2832
7436
105
6311
4484
7167
1294
4470
7349
606
2834
8306
2379
8704
8447
5861
3621
3227
3863
4002
7602
8352
3337
73
6957
9624
3734
7384
6272
8603
4815
2209
7262
5165
6746
2449
8841
2275
9536
9287
2711
7738
1632
6583
2811
1176
4861
3347
5528
6891
1033
3753
4978
9957
4955
4789
9321
1257
2140
7955
6048
3850
1307
9739
8615
3661
9245
6469
5558
3218
1816
918
8251
6226
8595
2572
9046
4035
2054
3290
5790
1262
495
2139
4646
1037
7495
9260
2443
205
8876
4539
7823
3907
3086
9596
292
8125
8198
2689
8939
5785
5643
237
7742
1779
795
3779
6745
4223
4011
9364
2601
431
1228
478
8393
7747
8140
7098
283
8728
4430
5789
3255
4864
7424
8078
740
4726
7496
9316
2688
1486
6014
8998
5503
9061
1817
3493
6058
195
5765
1093
971
7121
2062
9036
3007
7246
6168
1901
6687
6929
4396
9521
8467
258
7171
2253
3376
4276
5282
3749
8845
8610
4847
5672
9402
8742
5880
9339
9813
3157
3638
7711
3964
9906
5875
6255
8378
2493
3026
1895
788
723
3786
2094
1485
7391
2841
279
8427
3730
361
9533
5206
8304
1532
764
2620
1025
8589
4768
3579
7698
4973
1069
726
6001
410
6047
181
1023
1527
6638
1246
8516
6988
9499
4977
7651
3250
1990
2337
4541
823
3750
3049
3336
7226
4145
9710
7928
2077
1140
3616
8866
3326
9849
7938
4176
3373
1655
2127
9170
6976
9483
4777
7144
8208
7680
5172
4869
6893
5488
8104
353
4877
8920
1974
5015
2644
189
3025
6196
8174
4196
6049
8765
2306
293
8945
3805
2428
3790
8780
4867
2994
4429
460
7749
9146
7973
5294
7036
6801
2159
491
3215
1374
1454
2279
5584
375
1469
2404
8283
8963
4577
5274
7222
1699
4729
8092
2810
6256
3160
7546
942
3900
9825
6663
3177
332
4583
3359
2194
2899
3668
5271
8543
9097
5147
8279
5652
1662
9990
8170
1463
7958
4802
7555
3840
4048
7734
5361
2576
4915
3309
2921
9064
2240
2645
5821
6944
1947
6507
3802
6796
9571
9704
4573
9281
8987
6108
5450
926
6470
900
6019
8978
5354
1233
6318
3114
9272
4523
5916
3099
4433
4418
4197
955
4778
3384
1602
9744
6104
4965
7177
6432
4803
3424
8771
2903
2264
7833
2398
7497
8048
5525
4110
7899
6512
4535
5763
5546
8053
1127
7808
3859
952
2560
554
9853
2441
3901
3874
6974
4744
621
2922
6792
8100
9414
8124
8463
1133
4026
6376
7583
2011
8689
6309
1852
4046
5988
2231
4083
8544
2803
7703
2192
6919
8204
2158
5541
5825
635
1771
1369
937
8646
1868
4112
3944
8233
9887
947
224
7432
1932
5374
5177
5552
6877
5502
8738
260
4129
7292
2411
1312
3606
8161
5550
7232
6836
3310
7895
2873
2374
5257
6733
3321
2151
6360
9120
3226
9951
1960
4791
8482
4076
4208
4704
6370
4893
9775
2016
6858
4502
4202
4114
4062
6367
3988
5360
4884
1126
6923
9371
1676
1398
7804
8640
5119
3999
465
2157
6841
6154
8763
8671
535
3208
1584
7449
905
5698
9254
8227
3684
6906
7619
5984
7397
7085
9357
6002
6137
9992
8326
9360
950
8792
1762
7858
6085
6538
4664
1275
3247
7693
3045
3323
9188
7180
4134
6859
6424
5346
2155
6531
9945
2591
9448
5152
3235
4895
2081
7764
4934
9348
9600
7563
3646
2394
6493
6184
266
4792
560
338
1874
2450
5437
4686
3136
1984
7152
3556
7201
7576
6139
7715
94
9674
9363
9040
8954
2440
6337
5227
3407
773
9590
8698
9112
9256
2196
2963
1580
6308
173
5817
9475
9576
8090
9252
9767
9077
3019
8026
3708
2028
9869
7571
9770
4397
8882
6977
2790
6803
4874
8853
5567
1132
2924
590
8787
6128
5466
7724
6031
7109
2338
5669
7713
4590
8063
8575
5870
2165
5399
8267
5842
3609
6223
9837
7561
1670
7415
7355
4510
1147
6808
6291
9941
9075
2299
800
1894
9759
6181
2044
2248
5603
7241
1171
7675
6802
4592
4312
7604
1991
6302
8400
7941
8895
9569
7879
5339
8248
1557
2189
1238
4650
3159
9620
1096
4364
1875
1612
7204
1938
2212
294
6288
1351
1796
7300
2674
7421
5720
4694
394
5203
6886
6479
6273
6809
9122
7064
9978
228
2070
7472
1089
5327
2656
6314
1099
1830
1810
2507
6953
1301
1394
9315
204
7220
7193
3605
9447
5286
5829
2425
5316
4050
467
7024
9226
3470
5626
3396
2313
2048
8785
1624
6143
7810
8171
2339
1516
3118
3633
2052
9473
6020
3571
8592
3930
3831
3819
3144
8162
7549
2981
820
3611
9209
3895
3009
9117
1907
9427
8152
5093
9916
8454
9905
6827
5321
3392
5944
8250
3704
523
2877
3904
7525
8011
8621
340
1550
9771
1009
3548
6821
1861
4052
8551
3051
619
6641
8981
103
8931
736
2727
5703
3465
5668
7299
3867
803
1766
2517
6998
3221
9261
8590
3832
9095
7055
3559
1256
236
4754
6581
3992
3935
8369
9325
2962
8486
5350
6573
8167
5009
8686
5524
9359
8672
6999
792
1569
5397
2167
5351
324
2120
297
453
6224
1588
3063
2754
2271
9801
7448
4099
1813
6217
1626
2718
6804
2558
2760
4141
1107
1200
9444
7774
6878
8379
2696
7332
6897
2418
6091
5386
5615
7022
288
4455
8413
1439
8073
6843
4553
9519
6751
3155
7480
4993
6293
7954
4103
3478
9219
4458
1503
3898
7317
6661
2714
4868
2346
6402
6677
1436
7722
6251
6303
9021
5623
633
7593
2426
8700
5882
6750
4357
4051
5808
3394
9827
1049
2704
1324
8878
5769
6440
544
9474
4172
5540
485
6389
3328
4167
8801
3847
1858
5194
1835
4490
7627
1410
4601
6997
6163
3783
2858
507
5182
3454
9236
8163
295
2888
4763
9820
9277
3906
4078
8890
8012
818
3258
7450
7903
4010
6261
7221
9999
2953
3818
4308
7930
1856
9749
5883
4257
9572
7614
6519
6530
5718
2303
4447
1201
4435
7821
704
7330
1297
7256
6826
5313
7073
8200
7505
9958
8663
8796
3282
1999
7321
8327
1659
6077
5441
579
922
7122
6817
3915
3154
2024
2593
9179
5849
48
6786
1978
8069
3502
2967
3968
5237
3021
4478
6387
8825
9192
8648
9904
550
4462
5820
5855
6812
9517
1308
9073
537
715
8605
2830
4655
7136
5210
5246
850
213
7195
3262
2721
6165
8318
3725
825
7653
3664
1283
654
6130
7254
5087
4389
2524
1919
2290
3731
1687
5370
9106
6517
1736
2838
759
2866
3835
6241
8593
5376
7839
5444
8789
3577
7616
6172
4846
9755
1428
9145
8838
858
2382
8821
8314
1585
2999
1691
8974
8302
5170
3518
9298
6697
490
8335
874
7179
2429
7513
4177
1323
1281
5733
9330
2504
5277
4414
8977
6464
7510
2497
8679
1038
6868
6655
3190
5035
4848
159
8408
4382
9290
6610
4278
789
8681
1384
7369
299
2792
4374
9053
1845
9131
2675
3098
8182
1619
4411
9606
8037
2009
2136
7200
6772
948
2910
2002
6180
3663
6917
2554
3592
1692
3687
4892
1376
4596
7319
9722
9211
8367
1775
6541
2821
9652
8906
6710
481
8301
2130
1321
3004
6695
8022
4323
6062
636
3031
7670
2961
6514
6930
8594
6582
5794
3872
8569
5938
623
3413
3317
3032
7807
9338
4787
2848
5050
2363
4695
101
3213
7929
5651
9932
3268
3774
5589
2970
6203
2239
3834
4406
7940
2746
8042
3202
3873
3091
4674
6537
843
19
3064
4425
2827
5739
1976
5858
4845
9193
757
5439
1413
4373
5816
2430
3572
9082
9587
5511
7817
1466
8214
6317
763
5391
2383
4497
6120
6220
3315
7697
6102
6270
9446
3669
1782
9419
4003
9610
4422
3360
8578
9292
3511
9111
2154
5646
9507
8438
2237
4113
5118
6345
771
938
9423
9920
7488
1857
9485
5090
5019
4889
3223
3695
7383
8191
6670
2152
6481
7089
4935
4507
6704
9578
4136
9844
8003
953
8017
755
4750
9018
3141
7518
6333
2110
3528
5048
2015
7557
130
1225
9599
7837
1807
2142
6986
1296
2471
3494
7350
2188
6510
2285
4578
6022
7361
9387
1696
5358
5231
6540
7443
2662
4201
1665
9946
9344
2868
9413
7401
5569
7612
9745
8953
8490
4940
4302
5419
6955
5371
496
7522
8729
3558
5973
2545
2817
5215
8709
1053
3305
7537
1510
5099
1505
5406
854
1158
7751
8442
7090
4086
5345
9187
3838
2798
9531
1490
4064
2332
720
9733
370
6509
7594
3554
5673
9202
2964
2431
8183
5157
5560
2025
9885
4294
767
7475
9345
178
1968
1190
153
8362
6650
6183
3371
5926
6744
9003
3022
9362
1784
2489
5122
9023
3150
4570
9514
5566
7242
5592
6418
1683
2178
3246
202
9656
5912
3709
7629
1417
3076
6210
7057
591
3182
9670
9601
1430
7714
817
5591
3308
1806
2004
2661
8328
4144
1985
8088
57
3570
1823
9343
9441
5913
6866
7082
7278
3433
8989
2053
104
3769
2756
957
8268
5948
2739
3263
5314
3455
9806
5949
8240
2457
298
232
8860
7960
5101
8153
9824
3936
9367
2670
219
1946
3205
4975
6637
4020
3784
9728
5780
8249
5174
2463
5595
1402
5796
3382
8983
9440
8926
62
3580
4070
2371
3440
9074
8133
7209
3865
9987
4885
8487
1707
5635
1035
9340
4727
4091
9783
143
9538
3245
107
4483
6257
793
7667
3736
2627
9831
6136
7880
6497
2520
5797
8969
3289
9530
4214
4498
7126
4330
5904
4888
5950
9543
1373
1051
2650
2255
131
687
5025
1138
2959
4479
9707
6616
8346
364
5292
8112
2037
7390
7867
4827
6971
9251
9665
6628
2145
6963
9132
611
126
9268
9991
3788
6043
3811
6076
7587
1445
8548
389
4903
4198
2089
3444
439
8366
5193
9495
2683
2490
8114
3716
3857
3678
512
2812
9852
5414
3722
9896
5899
3088
5621
9923
1821
6595
7959
3048
4860
6007
9651
9867
988
978
8046
2906
7287
5633
5131
5823
2600
1115
8308
7870
74
4538
4058
2175
9829
1290
6979
8849
6731
1173
3417
3375
8604
1326
9845
3461
6373
9000
5729
7213
1304
1407
9353
6724
5966
2908
141
7621
1100
9399
3473
4334
7968
9453
5770
923
1634
2826
4303
6831
4620
5792
115
6189
6331
6633
699
6496
9214
7331
4995
4441
6916
3816
3361
1966
6029
3357
7691
6471
3236
4736
1021
277
3120
8933
2860
1969
7998
4900
8519
7946
5867
3108
8843
1305
4399
6071
2986
9653
613
6442
6896
8234
3345
8741
1995
5220
4061
1559
9832
5027
4079
6092
63
4247
4297
4445
7387
8930
7906
1018
6984
6705
8218
8273
3820
9468
5991
7684
2304
7974
7419
4049
3181
6427
2414
1082
5288
5742
8261
1216
1204
2672
5043
7871
430
1739
2534
2277
9777
2984
3429
2250
4438
8188
9482
9897
8398
397
1667
8403
3535
8732
7118
2605
8659
4041
6539
5642
6041
4109
6686
9181
9154
722
163
7315
218
1589
6993
661
1886
1680
4906
5845
5530
3766
92
2701
6050
3504
5284
5344
4101
2612
4627
9800
3501
7314
5856
2100
100
4292
4165
1936
2734
5017
8459
776
7507
9502
4228
5851
8541
1461
7982
6781
4976
2589
2415
53
7382
774
8498
2352
2082
8959
8567
6829
8855
8257
5843
9954
8310
9221
388
2396
4983
6927
9628
5807
1155
8030
2098
4290
7696
8452
2610
8538
3364
8135
5254
8666
2476
9102
2918
8694
2769
9762
3162
246
669
8574
2864
9751
6981
5585
5460
9782
7854
1249
8795
4545
556
5852
4477
8385
5080
526
7499
420
8568
2219
2604
2406
2561
5408
3279
4241
4115
7416
832
7872
6127
9037
5459
2071
917
4496
5963
1993
7596
7789
1726
5760
8865
2795
2214
7071
8147
5024
2121
3686
9126
737
1061
9070
7163
3490
7368
511
8699
695
8322
5654
2389
5474
1199
3940
5631
6447
3562
1022
9815
8111
3660
6483
3419
6131
4237
5038
2427
9550
362
4984
3677
8473
5959
7061
1538
3732
3848
7211
2291
5685
989
281
8788
8002
8901
9960
8029
4133
3845
6924
3299
8637
7206
9546
8089
7933
6982
5213
4268
5962
9083
996
8223
3077
655
1924
1763
5398
4467
8466
9498
8203
7910
1134
9528
9048
6258
4970
9276
3491
5006
3813
977
8450
3993
6038
391
3707
8563
8529
5730
349
1214
844
4844
1596
5007
2393
4139
7874
2274
1254
9982
4779
4137
211
7819
1499
1549
90
3696
8419
6254
6276
4953
8850
1105
5811
1352
398
2686
1740
5485
8402
2905
3448
4557
9160
6571
9289
8972
1359
552
6390
8995
7881
9595
890
7052
6816
4071
3966
6379
9802
2677
3089
6551
442
6186
2190
3778
7626
4358
8313
2088
8372
3467
8456
7716
7
1043
9526
4533
8634
6192
36
1685
2378
8049
155
4124
1353
4473
8555
1203
7011
3925
9300
4472
8647
7608
2388
9328
2581
6476
9685
1154
2691
2852
6921
7302
2793
5725
5508
8342
845
6794
8693
9615
9246
6244
2251
1604
8909
2480
877
9534
5355
9317
6943
6743
8526
4122
8643
8094
1007
9839
2227
5003
6928
18
9129
3776
3625
9286
8446
7631
5806
5380
8658
3754
9092
8881
3195
3164
4514
8677
3797
9085
8435
7970
2636
5252
7067
4500
3449
5156
4706
679
2200
3987
1229
5150
4392
1628
6609
5627
2297
2764
3039
4107
6915
4996
1971
455
2631
7249
612
7766
4159
8580
9144
7145
9973
5572
9555
3005
1020
667
7617
8475
377
1555
3583
9642
3040
605
3614
2027
6782
6824
9672
895
3485
4307
5417
6388
3997
3763
4981
2498
2955
6200
1694
2722
657
6876
6723
5800
9725
3312
1827
8711
1227
8864
6409
1029
9539
4317
3115
5196
3950
4287
6395
267
9644
2800
6625
2010
562
7386
4896
335
8099
3564
735
4138
9857
3699
9626
3862
5436
8755
9591
2478
4188
5429
9459
2224
7672
9877
4735
8228
6524
3411
1141
8095
9933
1157
4600
6380
7017
5478
9726
3014
1703
6749
2586
3796
8707
3896
9158
7673
4443
5199
6951
7865
3631
548
4707
8241
96
2673
860
2022
9119
6262
8836
9647
634
7805
3994
9142
4267
7491
250
8260
8394
2084
7630
8683
6864
9197
3897
5136
4410
46
9984
5576
3815
7816
5306
171
1944
9851
6933
5411
8687
3167
7553
4277
3389
3087
497
4654
730
639
2341
9234
6012
5490
7218
3597
4309
5837
6822
6133
2989
1319
5598
1451
7896
2091
3110
7308
3459
8752
4286
7050
3939
7655
2676
4095
2013
7590
3837
4340
7274
9273
848
3408
5793
6061
9559
3629
6914
8905
2611
1826
1471
8298
8415
8662
7904
3374
9966
2369
5071
3304
475
2238
5018
5320
8508
8632
3842
8428
6250
3762
756
7148
9663
4527
1776
1547
2511
8270
1729
603
6631
8598
4060
6051
282
3445
5315
9980
3844
9639
95
4873
5146
3893
6448
9676
411
1973
1629
6423
8622
4192
2491
5712
6088
8948
576
1477
191
7183
3378
6319
5353
1833
9265
3971
8718
8685
183
7520
3795
5513
2215
3718
3132
1178
505
4345
3003
9469
7446
1108
5235
5756
9553
24
6285
6176
2269
2006
3531
6601
2173
710
3547
5228
7347
614
1633
3090
4348
5671
9846
961
6141
9691
7215
7320
9912
9164
2407
6325
9045
1017
3959
8757
129
6231
8588
77
2613
1361
6039
7402
7283
1331
5056
5183
452
571
4520
3278
3406
4958
8238
8410
8497
8803
2681
6467
903
7685
770
71
3941
4818
6160
8489
9967
5335
9715
4174
3918
6558
5504
9636
9911
8804
516
2040
225
5332
2608
8220
5831
3270
2286
7271
3431
5449
2041
9500
1677
164
2783
5574
3340
7578
1648
3608
6410
3970
9956
8609
6059
7570
3178
1019
8383
4442
5750
632
3062
8178
7160
8822
604
2693
1820
3079
2307
168
4834
417
6301
5768
7481
3020
7088
4782
7074
2464
3243
3690
9150
2210
2874
2186
7514
6400
5677
3887
2221
152
2042
6676
4482
6057
1285
10
6765
2940
3782
9794
4012
1418
9063
7429
8086
1957
7044
1316
5879
4053
4795
4365
39
3755
9051
7405
9418
9914
7601
2368
7769
2703
2101
2233
6178
8294
5105
6371
2298
2295
6711
3000
2616
4232
4912
4209
4368
2893
7224
9925
4876
449
8193
9817
9489
6777
8606
9349
589
6159
3948
1749
8020
8602
9737
7069
5463
1741
8976
6950
6162
7362
9009
2587
1678
3905
4273
1318
6032
9865
5601
4226
6488
9385
3637
9068
3933
3125
5613
882
3365
1783
4432
8493
7129
2607
8670
3166
7644
8404
4759
4254
7075
3858
9078
6947
6437
1661
4854
6956
946
4758
6089
1459
8990
5563
7083
711
285
4839
6016
4131
4987
305
5325
7251
8031
2278
9029
7023
3231
8706
8038
1478
3307
3302
230
9682
9323
2647
660
3
642
3856
384
4822
2375
8688
9589
5036
3942
296
9201
707
9306
4233
5735
234
3557
7399
2187
2622
4300
7527
2731
1081
1942
855
8110
9763
4021
8513
1479
7428
600
4132
6912
6970
6787
9931
8958
2287
8772
8211
3524
7014
8834
3475
8381
174
9729
663
7041
2778
4562
5331
4684
3720
1282
9141
8842
716
3743
7690
2839
8426
4281
6614
7654
6712
6840
3822
186
5112
3422
3829
4675
2501
15
5764
2413
3798
5066
4243
9098
2768
7943
1809
1236
9738
2067
4186
3653
5081
8059
6336
458
1026
3931
3868
2646
5889
8093
3590
5873
482
3257
6506
7080
7247
7360
7809
8105
876
