586
1188
1607
2716
2977
2307
1812
1141
2632
2560
2655
576
2719
2984
147
244
2314
1573
1499
2890
80
2118
2940
2967
834
1755
2838
756
556
2143
1465
2308
2043
1967
2328
2884
2103
1458
2013
213
1199
639
473
2810
2985
14
2422
198
2836
289
2489
2500
742
925
1751
427
1745
203
1054
636
2934
2880
1772
1953
1567
163
2079
1678
1332
2404
2076
365
1339
1258
1124
1952
1230
431
1779
69
608
1760
1026
1414
1350
1818
634
2788
283
2215
2533
312
1347
546
2311
2476
569
2229
2055
1700
946
798
964
2488
277
459
676
563
313
2114
736
2749
1603
332
2173
509
246
2741
295
734
809
497
346
331
2770
2034
1829
2309
2559
2286
2139
616
2767
1568
1686
2997
85
2597
2728
1263
2391
2865
1984
2596
2699
614
215
1946
2514
338
363
2471
2600
1974
2831
2802
177
2087
2401
1336
2220
2497
2726
275
2743
2526
1036
876
531
311
1964
349
1083
1961
1089
2483
1811
1496
1645
2278
909
1735
178
758
260
1191
2112
1614
1754
437
1898
1040
971
625
2640
262
2187
2176
2905
2353
389
300
2938
1729
1688
383
764
663
1389
1627
2478
337
433
2157
2258
2263
2170
294
2674
1224
2860
2092
2989
362
255
1622
276
267
1345
1704
1929
1523
2543
369
2715
2041
2717
2185
510
1866
1669
1363
687
2701
211
2511
235
713
718
984
1590
2879
936
2916
2027
1863
55
418
1218
2786
1546
412
1125
790
1126
2649
2452
2405
632
1996
621
1186
933
62
1295
45
317
1159
419
1631
2638
2393
1484
720
2343
1997
517
1738
2
2063
1695
2976
1246
2564
1220
120
796
2656
2566
1251
935
1993
991
1037
1731
1766
149
1807
1116
752
1417
2502
2338
711
1728
2906
1702
540
2146
316
619
1808
2520
2531
2066
1869
1667
2753
258
382
617
1489
2777
38
870
387
527
1266
2553
974
2954
2389
1278
1394
2945
1289
2496
394
2316
938
254
1798
1978
248
911
1801
1153
1935
737
1067
1924
2239
226
2819
2360
851
1219
1247
1212
2952
869
2808
1399
2121
1514
287
749
1888
176
1870
1146
1248
2796
505
125
1053
1379
142
2818
386
948
1210
1919
1077
2424
249
1558
826
2265
1659
2676
927
2186
919
2947
2939
2828
2613
43
2032
1343
1617
1636
635
2192
2269
2049
890
1965
529
595
572
2499
848
2015
1579
253
554
2334
2491
2325
1415
1544
141
836
1782
151
1828
168
2680
1151
552
2463
1864
2477
1324
1096
702
2402
279
2643
84
1640
684
693
2869
2031
1654
602
1899
2449
2324
534
2825
2546
2057
1070
1813
2888
2750
1193
2556
2346
1467
223
286
1254
90
1909
454
47
1853
880
775
1277
495
416
1452
98
2711
2206
2512
2536
1604
641
1311
2441
631
2908
1644
645
2104
227
1022
706
1739
490
2174
1524
772
291
1321
1385
963
789
1205
2018
220
897
1658
2124
1348
2465
1487
2824
219
1454
2381
2069
2645
678
1927
2451
593
2473
2127
2930
1108
493
2237
629
1588
95
1303
381
2583
1839
2101
940
1860
1832
2161
1895
1272
2273
2885
466
2618
16
2771
2225
2713
2228
245
516
1110
1833
1322
282
906
1578
1756
2625
2957
2284
1714
1742
1438
1183
1529
33
1492
812
585
1856
1687
2461
1937
2209
1570
2937
238
1055
562
2109
2123
1114
1434
2672
921
83
2981
2233
2993
1081
1725
973
421
1979
2846
2702
536
533
2115
2492
1308
671
40
1821
186
1229
1436
2285
2268
2856
2657
2194
956
2372
1716
1563
1597
1455
2724
1319
100
981
2377
875
181
2399
1809
2329
1469
1910
488
2453
1858
832
2460
1990
1024
1048
1145
1383
2318
324
681
2406
1768
1052
598
849
1479
1184
452
744
1360
1939
891
1639
2072
1426
370
1106
680
444
765
499
1599
2585
1252
2921
2375
1039
669
1954
87
1009
1721
2412
2648
1761
217
2689
1410
352
1877
435
1986
2982
2358
2210
1122
376
816
407
2803
128
2572
2959
1059
1152
1724
2873
1893
2380
970
1789
1264
1341
1649
2321
840
1412
2949
1762
193
2130
698
601
931
2262
1046
1001
174
1449
56
523
2509
2621
589
1269
1105
1486
2335
2330
2231
2538
364
1975
2958
1016
600
1840
1608
1407
2245
2688
642
135
375
401
1190
1349
21
229
1045
2199
784
2787
568
2762
1459
2008
449
683
2408
1138
1883
415
1615
1902
769
2875
1875
2005
2046
328
905
2578
1876
738
285
252
874
273
1402
979
1028
2776
864
539
726
218
345
1598
1630
526
972
1117
2435
2261
1733
1718
1176
1746
1450
1665
1532
541
2004
2794
2761
2590
506
426
1945
668
2077
811
1508
538
1268
1537
814
638
409
17
2490
1522
1239
778
2418
2155
440
504
953
280
1129
59
2252
2903
1092
194
2591
1305
747
489
1158
2527
1216
2371
2948
1520
359
2573
2438
2425
2986
654
2936
9
61
2587
843
2666
1173
2723
2823
612
797
760
1401
748
1602
1689
804
2085
2557
2501
2805
1732
2864
1060
1134
2294
1642
2517
1034
1836
52
1643
1462
1250
986
958
2778
1018
2298
2615
2839
1437
605
1003
2313
2238
508
2106
138
1444
64
2745
615
1181
1292
2172
1574
2054
2610
1502
763
942
1545
810
206
2951
8
2779
2675
2369
353
1747
1657
27
483
2845
1231
1879
799
2376
2093
1201
2555
1781
162
647
361
1366
2448
1475
318
2384
2254
2327
2450
835
879
2677
819
304
82
1596
398
1164
2019
786
2024
2029
1323
2599
2995
1503
2550
2302
649
1881
2774
1370
2671
1168
1593
1422
885
2420
949
1589
2154
779
2551
2853
2609
2690
532
574
2904
839
788
341
1516
1582
2737
225
1519
2970
104
446
1403
1500
1226
2809
1195
1980
817
2841
1951
2748
999
2379
2212
975
1326
1133
270
424
872
97
1938
858
1165
590
751
2188
243
2178
1795
94
889
1891
1262
1594
2482
2704
1084
2111
1907
1387
1506
2964
1189
2270
2980
1580
2668
1904
1780
521
107
1102
2051
157
199
1764
2974
2876
1160
1592
2731
1211
438
1985
2037
1418
185
650
1093
2455
1799
351
1038
1587
2392
477
79
1703
2184
2472
166
1641
930
1025
2870
2522
2410
1395
2843
2091
511
1352
1257
2766
2303
2108
701
18
1842
347
2574
823
10
551
1074
547
611
484
374
2287
1810
1648
2654
395
1726
537
2857
93
1405
2718
965
859
1065
2821
414
2458
699
2035
1318
445
2320
1730
1690
1086
871
2789
2725
405
2257
928
2897
1696
2584
1139
1280
2140
453
2436
2020
102
1049
1050
1033
2784
1285
1633
2913
34
2956
25
787
1914
1013
794
2991
268
1446
1957
2670
2398
1504
1722
1917
1056
1330
524
866
2990
544
2685
719
2409
1243
1536
780
2322
1851
2002
1023
1928
348
2642
1835
573
2119
515
2340
878
1113
60
1825
717
1577
1203
2791
2616
1062
150
1207
2388
2300
2012
2797
1959
2342
447
945
850
54
1375
755
2145
1698
2721
2366
1560
344
2089
883
1792
340
704
1977
2817
2554
1491
1894
315
2833
1830
1388
892
1855
1511
1526
2301
1069
2650
1786
2694
1692
99
1793
2305
2622
575
2747
686
2459
961
2850
724
2295
1445
182
2710
2022
390
900
1998
1396
2350
2189
2349
1495
1483
1784
1785
2197
624
2355
404
250
1447
2871
231
1534
1697
762
1973
2082
2630
2736
1424
2016
856
2454
261
2549
2428
297
46
2095
184
474
1047
828
356
377
2968
1320
2558
1884
134
588
2983
2740
2251
672
2180
379
932
2891
2972
290
1408
2637
1099
2276
2783
665
2953
302
2396
2944
2255
807
2288
1673
2798
124
2790
2367
1121
1942
1304
854
820
912
2926
1624
2222
926
29
1584
613
908
2516
1556
443
1564
2918
2067
2060
771
406
2504
1315
1171
1759
1908
91
207
2623
1517
520
675
1918
2429
1787
236
388
1111
695
1791
2387
2430
2792
1154
1933
2363
240
2416
103
2811
907
954
1430
1030
2895
1963
1776
67
1155
1235
2928
2090
2122
1896
171
1646
1473
1916
2030
368
1242
3
2943
2515
272
2464
886
1027
1677
2768
2858
1283
2605
709
700
1275
661
2883
2098
1920
2247
2813
74
782
1214
1656
1681
2561
2633
1541
2652
670
96
2097
2357
1354
2772
2256
2521
882
2548
818
1878
41
1302
2703
815
2266
1940
1559
159
525
2151
2758
1685
1868
2842
924
1185
862
2227
2580
2047
558
2893
422
164
2735
221
1012
714
841
486
2607
110
1797
1169
978
2061
2135
197
1948
467
111
896
596
144
2296
1912
994
2848
1926
2462
2639
1611
2223
2337
2571
1740
741
557
2510
436
1472
2232
884
165
565
553
1249
2397
1845
2423
1196
1443
1261
2207
1490
2835
2378
200
205
2348
1865
472
2799
813
582
35
561
2426
1498
2963
1080
2929
2782
2579
1936
1115
1693
2289
591
1103
2519
274
934
1515
1032
1286
423
2202
1167
2729
1900
1612
1653
2644
1629
2293
746
2911
78
2847
1771
1806
1413
2204
167
606
2760
727
2494
1439
1435
242
2134
757
241
1356
976
2136
648
1815
1362
1743
548
1972
723
1144
1723
470
1400
733
2965
2036
430
2175
2598
234
1461
800
266
1373
2390
990
656
1011
1618
434
1540
192
1817
1076
1301
1660
666
1850
2064
2629
2201
2468
1572
2827
740
308
1130
2781
770
2746
1200
776
2524
2513
618
2541
792
1208
296
1075
2878
2830
1299
1371
496
2446
1606
2317
2017
1109
2014
126
2754
2224
2132
1374
202
1428
1351
44
65
214
1871
1361
2665
844
1995
2196
2651
1826
1087
2105
2900
2475
145
1613
2361
251
822
1163
674
2507
739
988
1376
73
2739
2374
957
1213
1381
1991
2102
2730
457
460
555
2362
1346
233
1720
75
2485
1238
306
1137
1848
2038
1064
2259
1271
118
1569
1970
2806
1531
2757
2844
2752
1621
2932
1715
1575
119
455
2039
1956
188
1233
2814
1456
1796
1409
2217
522
2742
2793
2962
2411
1342
2167
1932
2400
801
1182
1306
2120
305
2331
887
1554
852
1859
1623
115
2681
1852
518
1471
2537
1135
2631
623
378
2849
2071
1741
293
2351
1711
1051
1166
2822
2075
745
1557
2763
1800
2190
1358
1431
301
2542
1468
985
1841
2973
2969
2909
136
208
2544
2592
2663
2832
196
2889
917
2493
432
894
2383
57
195
691
2707
1744
2431
1194
1847
2636
1043
1119
2070
1513
1694
2306
1551
1626
2917
2547
1274
1008
2966
1609
1470
1364
998
2052
271
462
1634
845
1236
501
716
732
1397
2720
458
2759
1882
1666
2910
881
2169
730
1911
1620
1595
1931
1006
2682
2709
105
1393
1802
581
604
1118
380
2961
492
1398
2804
237
2896
1530
63
320
806
805
2773
1679
1525
1605
2312
2144
403
1079
1112
464
1222
1270
303
922
1384
513
326
2933
2160
1890
735
1944
1505
743
2987
1029
951
530
1562
567
2417
2243
577
1625
721
70
1632
2386
2336
2234
2751
750
336
707
1676
705
1291
677
2264
2695
1178
2221
1872
1293
2218
1843
2088
2356
528
1628
1512
1425
2094
1668
1862
2941
1161
2855
5
408
560
2142
2732
2866
1442
1463
2925
2867
1237
2084
1565
2208
30
307
2240
1717
1788
996
2769
2854
1814
461
1206
1528
1325
1758
664
2434
350
923
1955
1989
2994
2877
913
1873
1187
1367
1377
367
2714
1432
1441
1494
1994
1298
2727
1727
173
366
1035
72
918
2083
959
1287
968
830
121
514
1273
1433
2025
372
2341
1905
2040
2439
2165
781
2053
1288
1737
2840
2495
2594
264
1482
2988
1705
1941
2403
1767
2116
1091
1177
1338
2942
1474
1566
1328
1172
1157
1313
863
1149
2679
385
2271
2480
314
2368
2006
655
1340
2096
2523
659
2193
1392
2078
2901
1846
2235
1753
1297
2608
2920
1591
1162
2700
1710
1104
2602
995
2498
2669
1661
2260
633
498
392
2575
2213
2815
129
71
1586
201
1533
1757
1857
1279
824
2641
2960
1561
2861
1774
1344
420
2899
2129
2003
89
1101
2299
2530
2807
2886
1107
1913
1004
1453
829
2203
1253
847
2469
2466
2382
914
2359
2280
2117
1921
284
50
802
310
2028
774
212
1923
417
1284
1663
982
1007
1386
485
2619
2394
2153
1276
966
833
2304
2686
1982
127
1925
688
1466
861
2978
2246
2998
1901
475
263
2593
877
1460
343
2852
2576
1333
1044
507
1245
2332
2812
1493
113
2606
1950
2147
1662
2048
967
2568
1583
620
1822
88
1357
692
2734
42
480
143
2658
503
1892
855
116
23
209
731
476
2506
1501
210
1131
160
512
53
2535
1156
2000
831
2181
2683
2086
170
2755
2653
2249
652
710
360
1576
2414
893
545
583
2059
2421
1682
777
1849
1290
2898
2432
1734
49
637
216
1770
1838
1804
396
559
2230
58
2829
2912
2624
2765
1480
2634
542
1123
2611
1897
1068
983
821
479
2099
487
2698
2923
2164
2009
2646
793
808
2326
101
1390
1085
2182
2562
1947
1552
2413
152
20
783
2660
685
947
2205
997
2191
703
1095
1962
895
478
1709
609
456
1215
92
1094
355
439
1886
1930
2133
1969
1017
133
1823
400
1082
653
1518
2780
1616
1002
1073
1404
2427
1485
1861
2539
767
920
2673
265
1510
2339
899
2979
1209
2863
729
12
2601
2691
2137
941
391
759
2141
2586
335
2443
13
2162
106
323
1331
1179
2733
2882
2567
2874
766
570
1020
1976
1713
2635
977
1481
1244
2922
1477
1309
2971
1335
224
2518
1880
1837
1906
1790
2902
916
1749
123
2684
644
281
2440
1098
2764
1650
667
1223
2744
2820
1221
696
715
1300
76
330
1844
288
2647
66
1960
108
2292
2195
2487
2166
1553
1707
1416
154
1887
712
1655
2872
939
471
753
901
2474
1521
172
2667
587
393
1548
327
1072
1637
937
450
1015
2150
579
122
2595
2352
2236
2705
944
153
673
2275
1497
140
2708
1885
1353
2907
2481
2183
31
2152
1337
773
2216
1334
2171
1198
2272
2297
943
1670
2283
1999
2570
1359
543
1000
2126
2125
2062
1691
690
1019
2722
1232
2706
109
2678
2074
761
1014
1132
319
2837
451
584
2219
334
278
989
1889
2068
1988
77
2999
1701
2241
2149
1664
993
1005
259
2073
1256
1136
2955
2692
1148
232
169
2200
2620
2756
2456
371
791
1581
1378
594
2177
413
28
571
2080
535
1329
1406
491
429
640
708
256
1423
1451
1180
1680
2277
2345
39
860
2661
1307
2226
1652
795
578
1763
1958
1550
397
694
1983
481
580
1227
1448
2626
2931
204
1259
2407
2042
1635
1427
2915
179
2113
2444
2992
1778
2894
2470
2801
1391
1547
191
1651
2479
1078
603
2738
1750
2617
428
651
1128
1294
2267
228
2011
2395
1488
2168
592
2138
599
2503
657
1805
1949
1142
1058
1748
131
2131
410
2659
660
1419
1736
2467
1170
2050
903
627
1
960
2179
722
1260
915
2310
2021
2373
1031
888
1854
1316
2563
658
2924
1684
1765
1411
2033
1600
1100
26
2486
785
1143
1601
2279
2975
1775
1509
269
1867
1296
482
2026
1150
81
32
1317
112
139
1368
1265
2274
1824
1457
1987
2484
1175
1783
3000
1549
441
1097
549
1672
1061
1267
2950
175
1538
1915
2056
1372
2892
853
898
1464
2214
1874
257
868
1010
502
463
2058
1380
1971
325
2158
22
329
2919
865
4
1831
373
1675
2577
2712
2785
1063
309
299
630
904
2282
2242
2505
2697
1777
2914
2540
1174
1819
137
1225
298
6
1382
2045
1255
1671
333
1539
322
838
2001
2534
399
1314
837
2693
728
1794
2007
1816
1234
2588
2107
2253
68
1803
1708
2163
566
2927
222
2248
2419
117
339
1240
679
1120
867
2081
1217
2545
2795
643
48
519
2100
1202
1369
803
156
2525
768
1773
402
2834
2148
2604
2044
1834
2603
1543
2582
846
1476
239
1992
1571
1041
2211
247
2859
448
1638
1943
987
1429
1066
189
950
682
1968
342
1610
2775
2250
468
1903
1674
1440
130
2156
910
2442
2110
1683
597
857
2281
411
902
155
626
442
1478
1619
2612
2364
825
1769
1228
2614
1507
1090
2354
610
2065
2816
1420
1127
357
1057
1327
1752
1820
646
2687
1021
2198
187
2881
2445
500
86
2851
1088
2457
494
1555
689
1241
114
1147
1527
1365
2589
1192
1712
2532
2696
2415
2333
2935
662
2528
607
2581
1981
2370
2664
1934
622
36
24
1282
2365
2529
2569
2385
469
1355
1140
2323
1585
1922
2433
952
980
1719
15
292
992
146
2023
19
37
550
321
2315
51
2347
955
2565
1647
2010
969
962
2662
2996
2319
2627
384
2868
929
2826
1042
180
2628
2946
1542
2159
230
1706
358
1071
873
1966
1535
564
148
2344
158
754
827
1281
2244
1204
1312
11
465
2508
2128
842
1827
425
2552
161
2447
2291
7
183
628
2800
1699
1421
1310
1197
354
697
2290
190
725
2887
2862
132
2437
